0.634477  1.66228  2
3.06446  0.807208  2
1.63139  0.280812  2
0.0935501  0.406872  2
1.51524  0.430934  2
0.34493  -0.592491  2
0.205545  -0.491042  2
2.50782  1.0424  2
0.13272  2.56924  2
0.561827  1.38757  2
1.32917  2.91066  2
2.11942  1.3208  2
-0.148867  0.998051  2
-1.19809  2.09527  2
-0.931774  2.88287  2
0.192696  -0.131556  2
-0.484342  3.14974  2
1.00038  2.60062  2
1.08042  0.62713  2
-0.210597  1.40438  2
1.29269  2.12062  2
2.31182  0.0734997  2
0.427899  -0.113882  2
0.602102  1.33296  2
1.17532  2.09675  2
0.289558  1.80923  2
-0.318542  0.0693447  2
1.54672  1.83313  2
0.906865  2.0299  2
0.165612  0.881833  2
1.46651  2.7395  2
2.80838  0.486004  2
1.60291  2.14365  2
2.8232  1.34498  2
1.96111  1.65756  2
1.17704  0.397055  2
1.42003  0.817521  2
-0.796711  1.6563  2
1.21567  -0.27868  2
0.802261  0.244494  2
-0.265429  2.98479  2
0.751386  2.33474  2
1.57844  0.735172  2
1.07979  -1.00527  2
2.045  1.33276  2
1.34692  1.82952  2
2.38057  -0.0568812  2
1.3199  0.751665  2
0.802752  2.93646  2
0.57005  1.23746  2
1.55786  0.899182  2
1.51605  -1.40358  2
-0.208209  -1.14541  2
-1.26573  1.89227  2
1.002  2.2535  2
0.979512  1.31388  2
1.08973  1.27751  2
0.868596  1.34322  2
0.466707  0.0995688  2
2.29562  1.18215  2
1.94349  1.52507  2
0.77697  0.434958  2
1.61625  -0.259175  2
0.150362  1.51906  2
0.233974  2.73521  2
1.1473  1.7337  2
2.24019  1.92249  2
2.87357  1.87365  2
1.02551  -0.349123  2
2.49281  0.17222  2
0.490444  3.32838  2
-0.902778  1.32856  2
3.53205  0.738457  1
1.4055  1.97616  2
2.1569  2.95476  2
2.4708  3.21707  2
1.2943  0.576426  2
1.52507  1.94622  2
0.122744  0.152037  2
0.250687  1.46745  2
-0.915312  0.734861  2
0.0365276  1.38903  2
-1.00521  2.21684  2
0.968132  -0.341372  2
0.514212  1.47671  2
-0.750207  0.810682  2
0.879936  0.13673  2
0.612563  0.179952  2
0.783458  0.343471  2
0.0160122  2.15134  2
0.472677  0.318001  2
-0.146195  0.745261  2
2.23869  0.116718  2
-0.441418  1.30321  2
3.08624  1.27583  2
0.46291  -0.105968  2
-0.399657  1.35005  2
0.913973  1.26453  2
0.588431  0.898825  2
0.89023  2.64082  2
0.584065  2.1583  2
0.375888  2.0125  2
1.32447  0.110425  2
2.54963  0.820983  2
-0.0855215  1.43768  2
2.06865  0.534137  2
1.21788  0.974999  2
2.45501  0.861922  2
2.33441  0.677185  2
0.93095  1.92879  2
1.51321  -0.495318  2
1.26301  -0.51128  2
2.66893  -0.585393  2
1.22933  1.03253  2
0.612181  0.507239  2
1.93794  2.05382  2
-0.717071  0.582597  2
0.92447  0.500388  2
1.29314  0.088734  2
1.25403  0.375046  2
-1.17455  0.166604  2
0.301869  1.72941  2
0.14798  1.37117  2
0.270586  0.984274  2
2.40123  1.65092  2
2.32932  2.17882  2
-1.30513  2.13915  2
3.07528  0.538739  2
1.02266  1.37626  2
1.61252  2.14197  2
-0.153859  0.14211  2
1.99158  -0.326143  2
2.08045  1.2692  2
0.31168  -0.00342807  2
1.03762  -1.41023  2
-0.013789  -0.0813485  2
1.81126  2.29989  2
0.0176181  1.92197  2
1.34465  1.30334  2
0.223123  2.78033  2
0.0913689  0.575857  2
1.15934  1.67191  2
0.942759  1.65896  2
1.06576  1.08657  2
0.0888472  0.469466  2
0.686983  3.42912  2
-0.315789  1.29434  2
1.56479  1.36219  2
-0.387682  3.54673  2
0.775148  2.01736  2
0.320963  -0.422134  2
-0.87984  2.18395  2
-1.13711  -0.0476538  2
1.92348  -0.00411677  2
0.167837  0.01673  2
2.72313  1.49669  2
1.30368  1.29592  2
1.7614  2.15274  2
2.36107  0.585739  2
1.60104  0.98613  2
2.22107  1.62449  2
0.967082  1.75471  2
1.96814  0.891027  2
2.15339  1.77311  2
-0.0718364  0.976554  2
0.945267  2.60558  2
1.09739  1.57034  2
2.35049  1.55517  2
1.12714  0.83078  2
-0.62745  1.15578  2
1.83751  0.416254  2
0.463614  2.47045  2
-0.296074  1.05361  2
0.538434  0.313645  2
0.61827  1.22638  2
0.766162  1.96377  2
-0.0848157  0.984656  2
1.17026  0.0555639  2
1.74707  0.0174842  2
0.587219  -0.491975  2
3.40289  0.398493  2
1.99194  0.164781  2
0.66471  2.25279  2
0.572689  -0.671259  2
-0.112733  0.444242  2
0.537879  1.33565  2
2.62529  3.00168  2
1.48493  1.1536  2
2.02675  1.78832  2
2.62092  0.438353  2
-0.261463  1.68987  2
0.722358  0.332719  2
1.23879  2.65837  2
1.89227  0.204453  2
-1.44977  0.889366  2
0.659612  0.639113  2
-0.307591  1.03115  2
1.77544  0.525379  2
0.90684  -0.859465  2
1.14229  0.770046  2
0.333223  2.0614  2
1.89874  1.65763  2
2.00218  0.695593  2
-0.0503137  -0.035671  2
2.98927  4.00876  1
2.07607  0.719047  2
0.7886  1.96082  2
1.31691  0.194129  2
0.416112  0.498408  2
1.36837  1.03902  2
3.01721  1.92012  2
0.829355  0.674122  2
1.72892  0.74844  2
1.77249  0.948286  2
-0.93274  1.31261  2
-1.17783  1.8891  2
1.02743  0.51023  2
1.89175  1.31505  2
-0.750898  0.905799  2
-1.09029  1.53181  2
2.08241  1.78531  2
0.699983  1.27085  2
3.73085  2.46764  1
1.31095  1.56948  2
1.79419  0.0144439  2
-0.279888  0.0996984  2
-0.622718  1.54491  2
-0.433606  -1.28485  2
1.09808  1.35853  2
0.229536  0.38805  2
0.466376  2.18742  2
0.548252  3.54968  2
1.76476  1.1422  2
0.533041  1.77972  2
0.307506  -0.218221  2
0.812911  1.03994  2
2.31366  1.30864  2
3.27493  2.30717  1
0.347806  1.11029  2
1.23753  0.685368  2
1.68575  -0.469526  2
1.64627  0.285263  2
1.74447  -0.282514  2
2.39735  1.29276  2
0.107875  1.82706  2
1.89024  -1.21687  2
3.2719  -1.36017  2
1.73358  0.513361  2
0.203268  1.38141  2
0.462612  2.53436  2
1.03341  0.175009  2
1.62866  0.340724  2
1.104  -0.0892049  2
0.748876  1.49708  2
1.16384  1.53535  2
0.896293  0.969358  2
3.09573  0.921151  2
1.51006  0.831162  2
1.27877  0.325844  2
1.46461  0.242637  2
1.17932  2.35967  2
0.647043  1.21616  2
3.07864  1.98682  1
0.486054  1.78618  2
0.389959  0.646357  2
-0.604806  0.333117  2
2.93434  1.97107  2
0.183352  -0.401236  2
-0.358611  -0.122276  2
2.12026  0.0114361  2
1.08557  2.11536  2
0.73803  0.799405  2
1.54133  0.463759  2
-0.692981  0.138202  2
0.912622  0.223921  2
1.23808  0.983004  2
0.475792  1.39918  2
0.609353  3.02317  2
1.75278  -0.196959  2
1.03724  -0.613139  2
0.997749  0.963185  2
2.54512  1.56683  2
0.501302  2.63149  2
1.43397  1.32551  2
1.13836  1.23372  2
0.102853  0.903327  2
1.0164  0.708584  2
-0.226486  2.23006  2
1.52543  0.00749963  2
2.99119  0.951876  2
2.38102  2.11899  2
1.86578  0.441775  2
1.43768  0.514138  2
0.390349  0.646476  2
0.622132  0.774031  2
0.635067  -1.21332  2
0.752341  2.39165  2
0.235897  1.85555  2
-0.752137  2.99559  2
0.919109  0.0857968  2
5.47982  4.49342  1
4.46133  4.47352  1
3.43497  4.14147  1
3.64595  3.95827  1
3.53733  3.04379  1
6.72034  4.20159  1
3.84517  3.83634  1
4.04609  2.92518  1
5.42212  4.90856  1
4.73611  3.77647  1
2.86943  3.27137  1
3.75721  2.17423  1
1.29093  3.71685  2
3.94278  4.36581  1
3.66559  4.56664  1
3.23835  3.59061  1
3.64109  3.53823  1
4.18309  2.55516  1
4.08158  4.56978  1
4.8581  4.26193  1
4.67056  3.99031  1
3.29545  3.6639  1
4.78664  4.19264  1
3.59408  3.75081  1
3.06257  3.9907  1
3.4674  3.7852  1
3.68843  3.63135  1
4.13027  2.81935  1
2.74406  4.05553  1
5.24046  3.60063  1
5.21975  3.445  1
3.14014  4.63224  1
4.02301  2.65368  1
5.18541  3.1024  1
3.30899  4.20122  1
4.51779  3.99879  1
4.12774  4.49199  1
3.90942  3.77633  1
3.56448  4.28053  1
4.51737  4.73483  1
4.67886  3.04744  1
2.66725  2.69785  2
3.93128  4.67099  1
4.73176  4.83393  1
5.49769  4.33428  1
4.40303  4.71329  1
3.39614  4.27165  1
4.78305  5.19768  1
5.57574  3.64834  1
4.738  3.99433  1
4.41433  4.88944  1
4.2074  4.13319  1
2.22714  3.94554  2
4.647  4.4013  1
3.9183  3.08648  1
4.99543  4.37748  1
4.39645  4.45178  1
4.99732  5.03361  1
4.95571  3.61149  1
1.40754  4.61538  2
2.3684  2.92401  2
4.25852  4.31115  1
4.25137  5.43074  1
6.0673  5.94147  1
4.27783  2.84244  1
4.61289  3.05355  1
4.28627  4.86707  1
3.33267  3.96184  1
3.68241  4.44816  1
3.64773  4.74555  1
4.1472  3.96393  1
3.74881  4.93867  1
5.18304  5.15879  1
5.10928  3.85578  1
3.8495  5.18895  1
2.93199  2.6957  1
2.50991  5.36702  1
3.04857  4.23717  1
4.69092  6.0299  1
4.69097  3.05505  1
4.67629  3.85575  1
5.40703  4.41737  1
4.60657  4.4666  1
4.46171  3.58163  1
3.80904  3.84598  1
1.98277  3.76447  2
5.01926  2.24591  1
5.22105  3.56021  1
3.92579  4.16466  1
4.9624  4.67658  1
4.21721  4.86555  1
2.02344  4.52406  2
4.01174  3.81833  1
2.17803  3.29465  2
1.92386  4.27246  2
4.27703  4.48396  1
1.70269  5.72648  2
5.00376  5.33009  1
4.62539  4.70943  1
5.04508  4.12916  1
3.74741  4.31907  1
2.99459  2.72588  1
3.78349  4.25339  1
4.17235  3.8482  1
3.57167  3.90575  1
4.13713  2.33084  1
4.17816  5.75775  1
4.63642  4.33703  1
5.39318  3.59217  1
4.1912  3.3035  1
4.90074  3.99762  1
5.00753  3.98829  1
4.27566  2.60841  1
4.19636  3.21678  1
3.72854  2.20867  1
5.6399  3.55995  1
2.91366  3.78305  1
4.36825  5.80254  1
4.28571  3.3375  1
5.07891  4.32376  1
4.43698  3.84537  1
4.06888  3.0687  1
2.7294  3.90645  1
2.98008  1.59575  2
2.45042  0.204506  2
4.41055  4.37464  1
4.13795  4.59963  1
4.4548  4.01272  1
4.2027  4.70305  1
4.01075  5.21155  1
3.74631  3.49219  1
3.12313  3.80086  1
2.93787  3.92866  1
3.50132  1.93559  1
3.54592  4.03334  1
3.18379  4.00968  1
6.12941  5.1813  1
5.03162  3.12153  1
4.82887  4.87828  1
5.00379  3.52966  1
3.70447  2.0497  1
3.66985  3.70734  1
3.11048  5.22082  1
5.39801  5.12612  1
3.80196  5.1783  1
3.39829  4.23901  1
4.20047  6.13734  1
4.04772  2.80965  1
3.87295  4.70289  1
5.36744  5.3729  1
3.77424  5.49646  1
2.47108  2.05578  2
4.89705  2.80828  1
2.10304  4.05457  2
7.17575  5.04053  1
3.87337  4.03225  1
3.70528  4.24433  1
6.22176  3.77849  1
3.19728  3.78364  1
2.07667  5.47306  1
6.05966  4.13954  1
3.03596  5.33253  1
3.97602  4.82811  1
4.03486  4.78038  1
2.18544  2.4212  2
4.70978  2.99266  1
1.45725  2.86805  2
3.6519  3.28153  1
4.37671  4.34935  1
3.66755  3.44041  1
3.81649  2.5717  1
4.99881  5.90458  1
2.64979  3.07526  2
3.2987  4.27506  1
3.27088  4.44564  1
5.14673  4.94809  1
5.45998  4.11091  1
4.21029  2.92309  1
3.75288  3.79854  1
3.47737  4.65961  1
2.41627  2.9828  2
2.95425  2.07712  2
2.25811  4.32387  2
3.80559  3.51576  1
3.15624  3.80174  1
4.04006  3.16472  1
3.98722  4.75969  1
3.60351  3.00158  1
4.87973  2.08738  1
4.91968  4.51908  1
2.222  5.20754  1
5.74551  4.24313  1
3.51987  3.68306  1
5.14016  4.11309  1
2.36427  4.05497  2
1.25759  4.76537  2
4.5658  3.78328  1
5.90644  5.09468  1
6.1123  2.66368  1
3.11171  3.31415  1
3.75781  1.16295  1
5.3125  5.50172  1
3.51757  2.74519  1
3.08309  4.8793  1
5.09936  5.38115  1
4.94684  4.12364  1
4.14991  4.16221  1
4.76607  3.95606  1
4.36  3.88768  1
3.0515  4.71104  1
4.15742  4.6971  1
2.92119  3.87095  1
2.48985  5.21763  1
4.09746  2.84394  1
3.3837  5.02237  1
3.29149  4.80697  1
2.92778  1.8629  2
5.85803  4.26657  1
4.21272  3.67765  1
5.33777  3.58055  1
2.5667  4.25293  1
3.40593  5.10274  1
3.16759  4.59306  1
3.47673  4.03998  1
4.79569  2.20074  1
4.21728  3.40566  1
4.14272  4.70535  1
4.65265  4.63172  1
3.22606  5.1099  1
3.77834  2.45145  1
2.08732  2.93531  2
4.07673  4.71935  1
3.63485  4.42737  1
4.53051  4.40354  1
2.9452  3.6471  1
3.97931  5.54852  1
4.49563  3.23704  1
4.59709  2.35181  1
4.68813  2.60482  1
4.35055  4.30576  1
3.67673  2.63026  1
4.36883  3.45137  1
3.41825  4.13163  1
2.74222  5.18608  1
4.52082  3.65878  1
4.73779  4.23442  1
4.22553  2.87895  1
5.2786  2.84274  1
2.41746  5.48989  1
5.34338  3.814  1
2.79634  3.62208  1
4.06002  3.33442  1
3.53671  5.88878  1
2.5373  5.07953  1
4.18011  4.61322  1
5.42959  2.57604  1
4.80532  5.06516  1
4.85727  4.67432  1
5.4064  4.22683  1
3.52938  4.73885  1
4.19124  3.06499  1
3.86619  3.82147  1
3.14438  4.1818  1
4.50225  3.61276  1
3.64818  4.76347  1
2.74369  4.5395  1
4.72605  4.46098  1
3.726  4.20367  1
2.50531  3.50038  2
5.1198  4.3509  1
4.65444  3.45881  1
1.38475  3.48845  2
5.70995  4.7951  1
2.8102  3.84851  1
4.43773  3.84577  1
4.91411  2.8527  1
5.34654  2.48583  1
5.3611  4.7554  1
4.28437  4.85656  1
6.48949  5.07367  1
7.13359  5.10883  1
1.70813  3.54932  2
4.35117  4.56638  1
4.9396  5.75038  1
5.59753  4.58523  1
3.26269  2.2691  1
4.41094  5.26781  1
4.758  4.35915  1
2.69554  3.64067  1
2.7197  3.20206  1
4.46767  4.23998  1
5.78992  4.10883  1
3.8007  3.95622  1
3.87218  4.26846  1
4.53339  4.4033  1
3.45287  4.50597  1
4.34916  3.31833  1
3.16141  3.49605  1
4.13009  3.15041  1
3.79249  4.06148  1
9.66408  6.91369  0
7.42038  7.52137  0
7.0236  7.83205  0
5.98707  7.04633  0
5.97709  4.74533  1
7.71072  6.95042  0
7.0395  6.62843  0
7.57181  6.65928  0
7.62713  6.93544  0
5.87533  6.95069  0
6.88883  8.0756  0
7.09593  6.00667  0
8.79013  5.39342  0
5.41616  8.81132  0
6.51817  6.76074  0
5.5115  7.07254  0
9.50381  7.61904  3
8.20829  7.60566  0
6.66274  7.73102  0
7.19133  8.15511  0
7.5525  6.63329  0
5.68957  7.28293  0
5.43386  4.75444  1
6.62754  5.45624  1
5.347  7.2335  0
6.88937  7.52681  0
7.50434  7.06062  0
5.0517  8.46335  0
6.69921  7.10845  0
7.056  6.85565  0
7.62544  6.99791  0
7.64672  7.13267  0
7.20883  6.99045  0
7.00542  7.10296  0
6.94037  8.53461  0
4.68883  8.45591  0
7.01617  8.21282  0
4.88847  7.93433  0
7.71303  7.57641  0
6.5264  7.53141  0
8.21355  7.94731  0
6.34603  7.01222  0
9.22946  6.09644  0
7.25154  7.9431  0
8.21138  7.22968  0
6.62033  8.13001  0
5.62466  5.40074  1
6.88955  8.06581  0
6.71878  7.60836  0
6.19291  6.87817  0
6.43694  7.13779  0
5.04499  7.79713  0
6.60193  6.56485  0
6.09866  7.22002  0
7.39909  8.96808  0
7.7604  5.94334  0
6.87252  5.75918  0
7.64067  6.79472  0
6.53857  6.80729  0
7.82127  7.14229  0
7.0524  7.09993  0
7.33128  6.48212  0
7.07785  6.88049  0
6.13067  8.12674  0
8.70402  7.43314  0
6.60552  7.01944  0
6.79537  6.53509  0
6.92625  6.47775  0
6.5408  5.51115  1
5.86542  8.17359  0
6.44285  6.10381  0
7.09364  7.76959  0
6.62324  5.90668  0
7.26539  6.97935  0
6.61128  9.22757  0
6.76578  7.38436  0
8.26844  6.74297  0
7.67095  5.97447  0
6.94857  6.58465  0
5.57832  6.48586  0
6.16365  6.54034  0
6.337  7.5155  0
6.01205  7.16165  0
7.19999  6.59579  0
8.45635  6.67035  0
5.96543  7.58002  0
7.32701  7.48178  0
5.95127  7.69825  0
6.40586  7.66079  0
9.88008  6.27121  0
8.21325  6.91073  0
6.51293  5.46702  1
4.76682  7.1565  0
7.56901  8.38959  0
6.05439  7.143  0
7.34014  8.76396  0
5.97473  6.49029  0
7.06373  7.03964  0
9.21701  7.74773  3
5.66106  6.15818  1
7.30397  6.59769  0
7.46834  8.65023  0
7.36313  6.25716  0
7.75578  6.89525  0
5.56557  8.706  0
6.52684  6.16061  0
4.80238  5.60785  1
9.09618  7.35548  0
6.73636  7.12767  0
7.60655  5.60828  0
8.03689  7.53342  0
5.58973  7.2714  0
6.07422  7.6032  0
6.58185  6.22187  0
7.23037  4.89598  1
6.57394  8.14098  0
7.13172  6.68495  0
7.26278  8.14634  0
8.63118  5.6353  0
7.00481  6.0924  0
8.25684  5.7483  0
4.19609  7.10493  1
6.89334  5.9162  0
6.89717  7.4663  0
7.08974  5.90444  0
8.38207  6.88336  0
6.95438  6.95155  0
6.40014  6.73318  0
7.86376  5.45731  0
5.00239  6.25431  1
5.39476  8.55198  0
7.06669  5.74024  0
8.19668  6.81208  0
7.60191  5.76061  0
7.30679  7.01418  0
6.43797  6.7722  0
6.98667  7.0784  0
6.24559  6.68375  0
6.94645  7.70812  0
7.25519  6.95161  0
6.57226  7.77758  0
6.3198  6.32285  0
7.40526  8.53506  0
5.99728  7.36004  0
7.52913  5.65596  0
8.648  7.64824  0
6.6759  5.78992  0
3.83161  6.72739  1
7.1997  7.71072  0
6.07998  6.53981  0
5.78938  6.79162  0
6.49714  6.15325  0
7.00505  6.69924  0
7.1453  6.48479  0
6.77841  6.69271  0
6.05866  7.30135  0
5.21713  6.03474  1
6.91742  6.74718  0
6.3106  6.11508  0
6.95982  5.62795  0
8.59283  6.53942  0
6.28519  7.07307  0
9.37006  7.21485  0
7.45332  5.31171  0
7.68005  5.61577  0
8.36242  7.61455  0
6.53618  5.87636  0
7.0832  7.10545  0
7.07455  7.67941  0
7.21168  6.40235  0
5.32794  6.49243  1
4.98168  8.42222  0
8.18576  7.15381  0
5.90018  7.08236  0
7.04584  6.70814  0
5.40763  7.53993  0
8.57458  6.79513  0
7.49792  7.19886  0
5.97479  7.9965  0
6.91729  8.85512  0
7.90813  7.51853  0
7.04864  6.65398  0
7.55791  7.65994  0
4.85116  5.98939  1
7.33696  5.8502  0
5.59918  6.34395  1
5.64701  7.49132  0
6.97408  6.34164  0
7.99481  7.49159  0
8.19519  7.83976  0
7.77111  7.49379  0
7.659  7.92399  0
7.82274  7.59553  0
6.53625  8.08069  0
8.54386  6.99998  0
7.36251  6.6292  0
6.40944  9.08377  0
6.26834  6.87267  0
8.78994  7.25803  0
5.30623  8.44516  0
6.3403  7.58977  0
8.28722  7.68309  0
6.82114  8.81269  0
6.16054  7.59042  0
8.14039  7.61213  0
7.68175  7.61374  0
7.61145  7.91389  0
7.21833  7.81453  0
8.82939  7.39829  0
6.58093  6.87132  0
6.72876  7.48462  0
5.92968  7.60813  0
8.06394  8.67551  3
5.69266  8.33557  0
5.97523  7.29757  0
7.79783  7.8223  0
6.29225  6.1262  0
6.79955  7.32576  0
6.40594  6.41511  0
6.16227  5.7554  1
5.46399  8.4903  0
6.76945  7.22224  0
5.62735  5.81971  1
5.35421  7.78919  0
6.65533  6.74526  0
7.48753  5.20579  0
5.93768  5.41963  1
6.21599  6.25622  0
7.41198  6.68042  0
8.56611  7.31088  0
6.07593  7.77968  0
6.24658  8.27663  0
7.16491  7.38492  0
6.7988  7.24405  0
6.09172  7.29782  0
7.02002  5.01429  1
8.11231  7.2021  0
5.53231  6.14935  1
5.69121  5.98063  1
5.71184  6.49614  0
6.71341  5.90859  0
7.74074  7.94268  0
5.67415  7.24116  0
5.18243  6.70607  0
6.0859  6.81638  0
6.36086  7.535  0
6.75142  8.16115  0
5.95812  9.07899  0
7.87128  6.63613  0
6.75304  6.39885  0
8.27913  6.03203  0
6.71499  6.81117  0
6.26427  7.28837  0
7.19108  8.37255  0
6.99647  6.48683  0
7.20501  6.65913  0
4.94077  9.26644  0
6.12258  7.80603  0
6.42482  6.641  0
6.56756  8.6933  0
6.73765  6.25307  0
7.74405  8.84833  3
5.92042  4.01153  1
7.53006  6.18094  0
6.83154  5.32974  1
8.23494  8.33426  0
6.03541  6.92144  0
4.86577  5.91066  1
8.0191  5.40209  0
5.91314  6.21706  0
7.64449  6.56  0
6.77396  7.18841  0
7.94109  6.21765  0
7.37909  7.31546  0
10.238  4.87138  0
5.7093  5.75247  1
8.32212  8.1039  0
7.53061  7.04511  0
7.578  6.91029  0
6.26754  6.13564  0
7.44699  7.69758  0
6.0361  9.37331  0
5.44865  6.51526  0
5.22641  8.33682  0
7.45399  5.79597  0
6.99053  7.59757  0
7.39614  6.83823  0
6.45836  9.22247  0
7.62748  8.11071  0
6.99394  5.24985  1
4.6209  6.38243  1
7.44774  7.64306  0
7.45121  9.52271  3
7.34696  5.76763  0
6.80915  5.38896  1
8.05422  5.29995  0
6.78151  7.30911  0
7.80282  6.37855  0
7.66786  7.16654  0
5.93306  6.9024  0
11.4715  9.64361  3
11.1257  10.5669  3
10.0784  10.4865  3
9.05793  9.55117  3
10.5547  9.78722  3
8.31319  11.1202  3
10.6015  11.0773  3
10.9851  9.29353  3
8.4726  11.9016  3
11.9754  10.5483  3
8.49883  9.55814  3
8.36787  12.5502  3
9.18249  9.3648  3
9.86732  9.7184  3
9.95842  10.0019  3
10.7715  11.303  3
9.93749  9.34856  3
11.1108  9.91547  3
10.142  10.4085  3
11.1505  11.4969  3
8.69016  9.68633  3
9.7199  11.1044  3
10.2804  9.1398  3
10.2253  10.6582  3
11.4604  7.37802  3
8.88363  10.9248  3
9.14489  9.71816  3
8.78108  10.5782  3
11.0099  9.43379  3
9.1027  12.0396  3
11.6605  10.6015  3
8.05208  8.56288  0
9.31138  10.7623  3
9.89296  9.83519  3
10.4219  10.1613  3
8.8677  11.0069  3
9.73502  10.4498  3
9.11629  11.2166  3
10.7511  10.6742  3
10.9998  9.84852  3
10.368  8.72437  3
10.497  8.30897  3
9.375  10.977  3
7.21125  8.48895  0
9.66758  10.8417  3
12.2523  9.17899  3
10.0497  9.34438  3
10.3991  8.16514  3
9.35848  10.2451  3
11.0106  9.78949  3
9.94497  11.4656  3
9.47  9.43368  3
10.7139  10.3893  3
11.6187  9.47495  3
9.12105  10.5374  3
10.1379  10.8004  3
10.7283  8.81397  3
11.682  9.8395  3
9.8002  10.5179  3
11.5328  9.58724  3
10.4557  8.85044  3
10.9056  8.15908  3
11.0095  9.61026  3
9.93825  10.0547  3
10.7609  8.98105  3
7.89294  9.32372  3
9.84177  10.4879  3
10.9029  10.9812  3
10.0278  10.373  3
10.1299  10.6561  3
9.85142  10.5863  3
8.3609  9.72611  3
11.9597  10.7822  3
9.36865  8.60699  3
11.0563  9.30526  3
12.6257  10.6168  3
10.0364  9.75576  3
8.31532  11.1034  3
10.0573  11.023  3
10.1004  10.9335  3
9.27881  9.58773  3
9.90104  10.3579  3
10.2142  10.1082  3
10.2467  10.7592  3
9.7035  11.1071  3
8.67297  9.51394  3
10.8495  11.089  3
9.792  8.76186  3
9.29221  10.1024  3
11.1223  10.8292  3
10.3954  10.1899  3
8.9882  10.0785  3
9.72642  10.2887  3
9.8059  9.48102  3
11.6698  10.6191  3
10.786  10.6217  3
8.43744  11.0198  3
9.74773  9.5986  3
9.87945  11.2981  3
10.2127  12.7985  3
9.15176  9.9463  3
9.98223  9.82204  3
9.25922  9.27415  3
10.6929  9.58133  3
10.7344  8.78467  3
9.51558  10.6808  3
10.974  9.19764  3
10.8063  9.54537  3
9.0667  9.36836  3
10.4313  11.7399  3
11.5614  11.3451  3
10.6753  7.95319  3
9.94148  12.051  3
10.7284  9.38301  3
9.29817  9.7243  3
9.62546  10.5201  3
10.3276  12.3428  3
10.1802  9.37192  3
8.91611  9.65899  3
12.5141  10.7981  3
9.33356  8.87427  3
9.16557  9.82002  3
11.0381  9.78745  3
10.1288  9.6684  3
9.81711  10.4636  3
9.99432  10.523  3
12.0642  10.2899  3
10.106  9.29644  3
10.5391  10.336  3
8.56589  11.7603  3
10.8604  10.5452  3
10.2776  10.3037  3
9.90847  9.94716  3
11.6688  10.5269  3
7.69394  10.2722  3
10.0645  9.63788  3
8.75336  10.2517  3
9.85479  7.97054  3
8.98739  9.68262  3
9.08469  9.74126  3
9.17234  10.3285  3
9.01748  11.4219  3
8.87754  11.1593  3
8.32727  11.2136  3
10.4713  10.4462  3
11.1251  7.75606  3
9.52444  9.9904  3
10.1203  9.15322  3
10.7917  9.97783  3
9.92015  7.58865  3
9.39102  11.1307  3
9.79909  10.8167  3
10.2737  10.6602  3
9.69741  7.96387  3
10.0592  10.8545  3
9.06671  8.74206  3
10.5373  11.0293  3
9.56292  8.633  3
9.82581  9.39989  3
12.6286  10.5795  3
10.2039  10.5221  3
8.84837  10.6567  3
10.3398  11.1535  3
8.58128  9.24666  3
9.98225  10.4548  3
9.89665  9.59573  3
10.2693  10.8169  3
9.72053  9.88504  3
10.1256  9.30501  3
9.88718  9.87197  3
9.75665  9.74823  3
8.94455  8.72084  3
9.11329  8.27375  3
9.9758  10.6955  3
10.0055  10.6414  3
8.25196  11.2898  3
9.76359  7.96774  3
10.987  11.3922  3
9.64831  8.88282  3
8.61152  9.70614  3
9.32688  9.77798  3
8.20241  11.5249  3
10.1716  10.3282  3
11.8381  10.9234  3
9.53904  9.49867  3
9.95041  7.91442  3
8.99789  10.9702  3
10.0749  10.0331  3
9.89446  8.70777  3
11.1678  9.87143  3
11.1233  10.6032  3
11.0213  9.18585  3
10.561  10.2678  3
10.8643  9.95605  3
8.85716  8.15732  3
8.17849  11.027  3
10.6313  8.97014  3
11.1873  9.88279  3
10.8705  9.1359  3
9.26222  10.5301  3
9.62487  9.25763  3
9.49209  11.0938  3
10.5524  10.6468  3
9.30571  8.26466  3
11.1631  10.1368  3
8.66819  10.1806  3
11.0933  9.09744  3
9.73579  10.2194  3
8.97779  9.4778  3
10.3655  11.1328  3
9.22796  11.5472  3
9.08167  10.4273  3
8.21895  10.4501  3
9.56472  9.90067  3
9.11068  11.0539  3
8.98093  12.0725  3
8.40154  8.17201  0
10.407  11.7015  3
10.8323  9.16543  3
8.96778  11.2255  3
11.5689  8.04109  3
10.9675  10.5159  3
10.1302  9.2689  3
10.9104  11.3154  3
10.308  10.3629  3
12.3732  9.90876  3
11.4994  10.8254  3
10.2212  9.91499  3
10.3553  9.84421  3
11.7701  9.55919  3
10.281  9.31153  3
10.9876  9.83348  3
11.5432  10.5016  3
10.2649  11.1905  3
10.2976  11.1385  3
9.17293  10.6605  3
8.83559  10.3061  3
8.82193  10.7456  3
8.62114  11.1113  3
10.3284  11.5481  3
9.13411  9.78702  3
9.71863  9.65423  3
11.5489  10.7476  3
10.1996  9.26174  3
9.09616  10.0796  3
10.0834  8.90582  3
8.15862  9.31239  3
10.0593  9.638  3
10.6527  11.0232  3
10.3103  10.0531  3
10.1788  9.89244  3
9.75059  8.80211  3
9.7604  9.32667  3
8.56503  10.7052  3
11.1643  11.0685  3
11.289  10.2027  3
9.84197  11.0398  3
10.9236  8.13848  3
9.95902  10.6341  3
9.44642  9.96884  3
9.51509  9.99387  3
9.28649  9.01059  3
10.1451  9.15545  3
9.06697  9.90839  3
10.5732  9.94003  3
10.2401  9.84658  3
8.70439  9.82609  3
9.04163  10.0405  3
10.7662  9.87886  3
8.45512  9.29734  3
11.8564  11.1143  3
11.7175  10.1195  3
9.39273  11.167  3
9.9577  10.1521  3
9.898  9.29101  3
11.0651  9.68973  3
9.6367  11.3278  3
9.9958  10.5069  3
8.50011  9.70413  3
10.0942  10.946  3
9.65605  10.0784  3
10.2802  10.1061  3
10.2396  10.6585  3
8.98245  8.97715  3
9.01338  8.17532  3
11.5481  11.1257  3
8.56686  11.5165  3
10.3705  12.2987  3
9.46272  9.27851  3
10.0863  10.7997  3
11.4456  9.55255  3
10.6751  8.90905  3
10.4212  10.4555  3
10.7169  8.73514  3
10.043  10.0797  3
9.82806  10.2055  3
10.0675  10.2888  3
10.8848  7.38556  3
8.89704  11.2192  3
11.4301  9.82174  3
